110716
401982
356670
74379
74378
401981
401980
111105
111104
61854
286056
110718
266752
266751
268139
268138
268136
56188
20203
69614
161147
158580
285238
268155
111108
327327
367481
324945
304222
304220
34223
34222
34221
445096
441966
188330
132167
34224
34220
423423
56512
158087
187400
183321
356737
187251
187250
35886
56511
56510
379426
322266
322263
299589
183658
183657
183656
183261
61810
305323
304198
265714
186513
144304
406696
282906
105364
441968
441967
383274
188334
188333
188242
112354
105363
84239
406875
406652
266227
266194
20015
265943
265941
69658
69657
20022
182974
158538
186687
186685
186684
186682
92209
161156
266738
266736
69334
69333
285233
285232
188838
158573
321845
266636
184995
20202
80628
114746
441859
76800
187410
187407
110761
56190
56189
161394
103325
429548
388192
188435
64948
182997
379369
182999
182998
182996
80581
92832
112384
112385
399516
62185
40965
37540
266728
265847
265846
265845
18638
161115
150203
109975
20229
37521
23341
40951
285999
285997
303970
78295
401954
113348
113342
379273
356834
324694
265681
113347
265679
113346
362443
127482
236024
286004
286003
74577
442542
412950
282567
188367
188362
105358
105357
79334
76247
37434
72292
357707
78024
282895
209671
209670
77956
282811
356656
191096
236581
90279
283444
77958
373396
183653
379425
187025
183010
431817
112364
34228
409348
409338
409275
324711
286044
254662
88816
61855
34229
34227
406608
112365
96425
112826
284411
284410
307621
37001
186501
186500
186499
127892
348717
75457
304295
442552
409443
263169
185049
48204
142429
283468
37011
442555
414441
286053
286016
286015
286005
156230
156229
156228
147285
357708
285998
285996
88170
324623
48215
281907
75422
75421
401979
401978
358933
401977
206897
206896
206895
356778
356745
401950
412006
379892
236580
90128
161367
282814
235325
186517
379294
81963
81962
265690
187444
100954
187443
90123
209895
127093
362792
286071
286070
286069
286068
286066
286060
286059
286062
90295
127094
206311
406870
406869
356022
90288
266827
74404
395140
286075
90294
282816
349045
401822
158569
158568
68350
158571
68349
68348
23932
167145
81195
66040
90283
234458
100435
415693
415690
286076
286074
286073
286072
286065
286064
286063
286057
285989
285987
286067
285990
285988
177137
90129
111112
90131
90293
90130
78300
78296
282815
401953
401952
401951
355971
191095
90292
78299
78298
78297
127095
131697
131696
414479
414477
414476
414482
414481
414480
414478
267765
109280
411996
255478
304306
263185
286078
286077
286061
286058
127092
286037
286036
286034
286035
286032
111102
187740
286093
286091
286084
156226
286052
265902
110287
286009
62821
81191
48207
442591
81310
78293
78291
78288
446608
181467
73815
281891
286020
286018
286017
358935
156227
142451
129165
90139
46440
46439
23342
158208
121419
112550
37404
406643
191336
286050
286021
286019
79322
245991
355968
210459
104566
210460
104738
210462
442760
284518
283130
406626
423390
421904
421901
421900
421899
421898
367489
320535
320533
37973
367486
347589
347588
323137
240257
182810
113335
347591
347587
90127
37974
413593
316778
110029
283132
304328
161714
161716
35735
359263
313540
133756
56521
442626
325077
267899
265876
35705
35704
379630
347593
303968
267138
266829
265875
188900
183019
68476
431657
367483
320534
210475
20568
324943
183011
111682
111681
111680
324954
323809
267149
266056
265877
110762
81052
266198
109202
62826
103364
23011
420426
324693
253774
347590
178369
81139
81135
81133
415505
210468
210467
158559
20232
267128
68076
267129
265901
81127
81125
103361
240570
112386
96696
188249
176353
96698
96697
414042
61327
61325
61324
61323
61322
61319
137528
81961
439756
439754
312077
188241
156683
156682
37570
34226
298839
121420
35649
320465
304040
304039
234190
142448
116603
116602
81960
406475
81959
379266
182818
80580
379879
286082
286081
286080
286006
286001
246221
217222
156350
156349
156348
156347
156346
156344
34211
34210
34209
286079
263559
156345
79473
34214
281841
34212
19369
156842
104027
104026
323299
323298
322762
409957
81448
398392
302372
90199
322277
182968
69538
69537
69536
408270
307451
307450
195700
156476
20221
304199
132170
116601
68401
445099
112113
398307
412334
390041
286083
191098
156341
156340
156339
156338
156337
79309
156336
182814
362162
409397
187726
77708
65422
282517
187727
112353
72674
132941
132940
132939
132938
399517
417927
113199
79157
113200
19340
20226
68445
56520
286089
286088
286023
286022
286014
286013
286012
286011
286010
285995
285994
156322
156321
156320
156319
156318
156254
347594
210474
81407
357694
121421
357709
305668
305667
304530
304529
65418
65417
408250
357710
182983
144201
156462
156461
35635
67598
408903
299586
144353
83370
80588
186690
183285
83371
161808
69007
68670
421889
421888
380451
379580
83367
380512
380510
304211
144199
83366
429631
412910
282897
236582
234184
34163
443571
403581
195699
75419
61343
74536
62825
34162
282703
23010
305330
303984
186515
23009
157110
56556
443583
188244
443576
406609
403577
379636
207259
188245
170447
170088
104028
282872
66043
34273
191294
191293
191292
20231
156480
267111
267110
266242
266236
267112
324118
68124
20017
23394
304350
302359
265851
265850
265849
183014
183013
183012
182967
104029
40966
322028
320532
181217
265945
187747
187742
127123
105559
81049
68125
34275
34274
23340
23352
23351
292740
20028
371106
265855
83382
83381
83380
406653
371108
371107
371105
254387
92208
81184
81183
156382
144203
92645
112124
67727
67726
299588
78418
78417
187399
83378
414513
74954
74955
65167
282817
35713
156812
19361
156483
312075
19216
19215
69171
74067
69176
69175
69173
69172
69177
69174
133003
382134
304213
304044
304042
303934
283131
188359
183003
183002
182813
133127
132166
81231
34225
304043
132175
132168
161737
144352
69594
445637
187691
83379
62186
114389
158558
266833
158567
111685
81178
20206
397648
286090
235317
235315
81314
210552
135418
186508
178370
323134
81316
62714
62713
62712
278535
161121
302339
83394
58778
298816
142456
